   0.010847450000000
   0.000291168000000
   0.007521524000000
   0.007187077000000
  -0.003867068000000
   0.000758776000000
   0.002375680000000
   0.014693932000000
   0.017321492000000
   0.013748314000000
   0.000778225000000
   0.010724413000000
   0.025636999000000
   0.008859321000000
   0.018123619000000
   0.000263027000000
   0.001081292000000
   0.028010041000000
   0.016295921000000
   0.011684591000000
   0.009839888000000
   0.016956584000000
   0.007491233000000
  -0.001078950000000
   0.002148718000000
   0.005098405000000
  -0.001954674000000
   0.002752494000000
   0.012761518000000
   0.010229719000000
   0.010917447000000
   0.012466086000000
   0.008078500000000
   0.006940391000000
   0.010237486000000
   0.009721946000000
   0.014022762000000
   0.007865852000000
   0.009915096000000
   0.011844454000000
   0.010458758000000
   0.007059183000000
   0.015366676000000
   0.004577796000000
  -0.004268713000000
  -0.041955355000000
  -0.010205103000000
  -0.031776419000000
   0.028942458000000
   0.017730668000000
   0.022471236000000
   0.044146385000000
  -0.017674022000000
   0.013552526000000
   0.044978226000000
   0.046072905000000
   0.037666843000000
  -0.008141150000000
   0.056123275000000
  -0.067294848000000
   0.022748306000000
   0.057835699000000
  -0.005648894000000
   0.032344760000000
   0.031752298000000
   0.013953933000000
  -0.023769614000000
  -0.042027420000000
   0.137322287000000
   0.034290419000000
  -0.011704974000000
   0.047557348000000
  -0.064124076000000
   0.086082712000000
   0.007616329000000
   0.048925828000000
   0.053049807000000
   0.042208218000000
   0.043109328000000
   0.034169047000000
   0.094516681000000
   0.079208713000000
   0.067811371000000
   0.048176616000000
   0.124782737000000
   0.034069932000000
   0.037294994000000
   0.055741369000000
  -0.003117202000000
  -0.005808425000000
   0.033436202000000
   0.009375720000000
   0.003406356000000
   0.015257135000000
   0.003728305000000
   0.023741966000000
   0.018275286000000
   0.020971318000000
   0.006528797000000
   0.014236929000000
   0.039587937000000
   0.002012483000000
   0.029571095000000
   0.014512819000000
  -0.019527968000000
   0.030533045000000
   0.038013258000000
   0.011927233000000
   0.001863244000000
   0.023558207000000
  -0.010674642000000
  -0.018892596000000
   0.076074085000000
  -0.051569771000000
   0.021549399000000
   0.014339287000000
  -0.054242311000000
   0.015495806000000
   0.007990339000000
   0.122643787000000
   0.003809182000000
   0.054526895000000
   0.102550670000000
  -0.107827974000000
   0.062454988000000
   0.028223793000000
  -0.018818110000000
   0.021530192000000
  -0.018906878000000
   0.087437847000000
   0.021541676000000
  -0.002986870000000
   0.060233545000000
  -0.057677079000000
   0.082030894000000
   0.139545486000000
  -0.012841505000000
   0.000556269000000
   0.095383639000000
   0.102411771000000
  -0.007508409000000
  -0.085093999000000
   0.091689602000000
   0.056014048000000
   0.139932549000000
  -0.193309818000000
   0.157717967000000
  -0.010064664000000
   0.072648834000000
  -0.056748597000000
   0.161213150000000
  -0.025363840000000
   0.042395599000000
  -0.049952952000000
  -0.007330114000000
   0.001737789000000
   0.023423980000000
   0.006655773000000
  -0.014521739000000
  -0.009065336000000
  -0.038325703000000
   0.006622246000000
  -0.001335689000000
  -0.014871727000000
   0.044849046000000
  -0.010667960000000
   0.042384000000000
  -0.028833667000000
   0.036303985000000
  -0.001518691000000
  -0.051896415000000
   0.061853170000000
   0.033050372000000
   0.006964347000000
  -0.003099642000000
  -0.019684291000000
  -0.046871336000000
   0.005449844000000
   0.219201202000000
  -0.003780664000000
   0.037180036000000
   0.032832721000000
  -0.025546390000000
   0.082357720000000
   0.023158432000000
   0.045905014000000
   0.032583037000000
   0.001384790000000
   0.086581069000000
  -0.039874724000000
   0.065183507000000
   0.161043983000000
   0.014917796000000
  -0.005705197000000
   0.127176672000000
   0.083194620000000
   0.002637569000000
   0.075356266000000
   0.009742908132394
   0.008238441433708
   0.005045795314482
   0.004538472314191
   0.005428464964363
   0.007217119604038
   0.009795096802739
   0.010685927342383
   0.010784859544866
   0.010784137375251
   0.010189935588958
   0.010387691412668
   0.010783545789342
   0.009794111500798
   0.010091738456354
   0.010092598730366
   0.009103276934695
   0.009897105454276
   0.010789502192694
   0.012175442344281
   0.013855647422904
   0.015434836466301
   0.001481463868030
  -0.007328964592309
   0.007329328508354
   0.011207831726563
   0.013375843000001
   0.012225019783320
   0.005084943511320
   0.004323127580990
   0.003337519059697
   0.016785443679589
   0.005979053559404
  -0.001989041053540
  -0.009573292305625
   0.002152952511347
   0.009365862835235
   0.013589511665716
   0.017069051123756
  -0.010764900409376
   0.013318914934055
   0.017049849502884
   0.009402678718842
   0.000368891728809
   0.002795343384692
  -0.023876036554350
  -0.036016063612193
   0.092652105707881
   0.086377314848042
   0.029542644829461
  -0.043910075446162
  -0.062515869410758
   0.027700706175953
  -0.039211842552625
  -0.029212106057612
  -0.022549900638114
   0.079046331147574
  -0.089951365432540
  -0.023015172879358
  -0.068615937178472
  -0.099094836089467
   0.074633398164725
  -0.010180597872583
   0.019517966195818
  -0.059654592821723
  -0.000961979553997
  -0.003311261000000
   0.023257643000000
   0.022128679000000
   0.013064740000000
   0.008268200000000
   0.027199068000000
  -0.008628981000000
   0.008299602000000
  -0.003594318000000
   0.010377198000000
   0.010775685000000
   0.015490443000000
   0.012448857000000
   0.004262690000000
   0.002145238000000
   0.018829974000000
   0.000948378000000
   0.002972515000000
   0.003614734000000
   0.005590438000000
   0.003202276000000
   0.001829747000000
