# Numerical Matrices for qpm_model.dyn
# Generated: 2025-04-26T11:18:44.292534

State Names (Order: 10):
['RES_DLA_CPI', 'RES_L_GDP_GAP', 'RES_RS', 'aux_RES_RS_lag1', 'DLA_CPI', 'L_GDP_GAP', 'RS', 'RR_GAP', 'aux_DLA_CPI_lead1', 'aux_DLA_CPI_lead2']

Shock Names (3):
['SHK_L_GDP_GAP', 'SHK_DLA_CPI', 'SHK_RS']

Parameter Names (11):
['b1', 'b4', 'a1', 'a2', 'g1', 'g2', 'g3', 'rho_DLA_CPI', 'rho_L_GDP_GAP', 'rho_rs', 'rho_rs2']

A Matrix ((10, 10)):
[[ 0.  ,  0.  ,  0.  ,  0.  ,  0.  , -0.3 ,  0.  ,  0.7 ,  0.  ,  0.  ],
 [ 0.  ,  0.  ,  0.  ,  0.  , -0.5 ,  0.  ,  0.  ,  0.  ,  0.  ,  0.  ],
 [ 0.  ,  0.  ,  0.  ,  0.  , -0.3 ,  0.  ,  0.  ,  0.  ,  0.  , -0.09],
 [ 0.  ,  0.  ,  0.  ,  0.  ,  1.  ,  0.  ,  0.  ,  0.  ,  0.  ,  0.  ],
 [ 0.  ,  0.  ,  0.  ,  0.  ,  0.  ,  0.  ,  0.  ,  0.  ,  0.  ,  0.  ],
 [ 0.  ,  0.  ,  0.  ,  0.  ,  0.  ,  0.  ,  0.  ,  0.  ,  0.  ,  0.  ],
 [ 0.  ,  0.  ,  0.  ,  0.  ,  0.  ,  0.  ,  0.  ,  0.  ,  0.  ,  0.  ],
 [ 0.  ,  0.  ,  0.  ,  0.  , -1.  ,  0.  ,  0.  ,  0.  ,  0.  ,  0.  ],
 [ 0.  ,  0.  ,  0.  ,  0.  ,  0.  ,  0.  ,  0.  ,  0.  , -1.  ,  0.  ],
 [ 0.  ,  0.  ,  0.  ,  0.  ,  0.  ,  0.  ,  0.  ,  0.  ,  0.  ,  0.  ]]

B Matrix ((10, 10)):
[[ 0.   , -1.   ,  0.   ,  0.   ,  0.   ,  1.   ,  0.   ,  0.   ,  0.   ,  0.   ],
 [-1.   ,  0.   ,  0.   ,  0.   ,  1.   , -0.1  ,  0.   ,  0.   ,  0.   ,  0.   ],
 [ 0.   ,  0.   , -1.   ,  0.   ,  0.   , -0.075,  1.   ,  0.   ,  0.   ,  0.   ],
 [ 0.   ,  0.   ,  0.   ,  0.   ,  0.   ,  0.   , -1.   ,  1.   ,  0.   ,  0.   ],
 [ 0.   ,  1.   ,  0.   ,  0.   ,  0.   ,  0.   ,  0.   ,  0.   ,  0.   ,  0.   ],
 [ 1.   ,  0.   ,  0.   ,  0.   ,  0.   ,  0.   ,  0.   ,  0.   ,  0.   ,  0.   ],
 [ 0.   ,  0.   ,  1.   ,  0.   ,  0.   ,  0.   ,  0.   ,  0.   ,  0.   ,  0.   ],
 [ 0.   ,  0.   ,  0.   ,  0.   ,  0.   ,  0.   ,  0.   ,  0.   ,  1.   ,  0.   ],
 [ 0.   ,  0.   ,  0.   ,  0.   ,  0.   ,  0.   ,  0.   ,  0.   ,  0.   ,  1.   ],
 [ 0.   ,  0.   ,  0.   ,  1.   ,  0.   ,  0.   ,  0.   ,  0.   ,  0.   ,  0.   ]]

C Matrix ((10, 10)):
[[ 0.  ,  0.  ,  0.  ,  0.  ,  0.  , -0.7 ,  0.  ,  0.  ,  0.  ,  0.  ],
 [ 0.  ,  0.  ,  0.  ,  0.  , -0.5 ,  0.  ,  0.  ,  0.  ,  0.  ,  0.  ],
 [ 0.  ,  0.  ,  0.  ,  0.  ,  0.  ,  0.  , -0.7 ,  0.  ,  0.  ,  0.  ],
 [ 0.  ,  0.  ,  0.  ,  0.  ,  0.  ,  0.  ,  0.  ,  0.  ,  0.  ,  0.  ],
 [ 0.  , -0.75,  0.  ,  0.  ,  0.  ,  0.  ,  0.  ,  0.  ,  0.  ,  0.  ],
 [-0.75,  0.  ,  0.  ,  0.  ,  0.  ,  0.  ,  0.  ,  0.  ,  0.  ,  0.  ],
 [ 0.  ,  0.  , -0.75, -0.01,  0.  ,  0.  ,  0.  ,  0.  ,  0.  ,  0.  ],
 [ 0.  ,  0.  ,  0.  ,  0.  ,  0.  ,  0.  ,  0.  ,  0.  ,  0.  ,  0.  ],
 [ 0.  ,  0.  ,  0.  ,  0.  ,  0.  ,  0.  ,  0.  ,  0.  ,  0.  ,  0.  ],
 [ 0.  ,  0.  , -1.  ,  0.  ,  0.  ,  0.  ,  0.  ,  0.  ,  0.  ,  0.  ]]

D Matrix ((10, 3)):
[[0., 0., 0.],
 [0., 0., 0.],
 [0., 0., 0.],
 [0., 0., 0.],
 [1., 0., 0.],
 [0., 1., 0.],
 [0., 0., 1.],
 [0., 0., 0.],
 [0., 0., 0.],
 [0., 0., 0.]]

