0.009323197000000
0.015297581000000
0.012690468000000
0.013771592000000
0.022026866000000
0.003594540000000
-0.000430905000000
0.005055629000000
-0.001799999000000
-0.012964819000000
-0.022235356000000
-0.017677344000000
0.004003128000000
0.005800447000000
0.011548595000000
-0.006079467000000
0.002820405000000
0.004463158000000
0.009107369000000
0.006079419000000
0.008832638000000
0.004322376000000
0.015138272000000
0.001889426000000
0.010076276000000
0.017062811000000
-0.003892518000000
0.002269939000000
0.017458325000000
0.013694120000000
0.014418143000000
0.010622736000000
-0.006141434000000
0.006834292000000
0.027005690000000
0.008112920000000
0.021686297000000
0.003523194000000
0.004544727000000
0.024157480000000
0.020126721000000
0.014328646000000
0.012143479000000
0.030609552000000
0.004349542000000
0.019330714000000
0.008526465000000
0.004162357000000
-0.005540104000000
0.007654907000000
-0.002379879000000
0.004023009000000
-0.000867069000000
-0.007006356000000
-0.001133073000000
0.043061346000000
0.012363814000000
-0.001622912000000
0.003319680000000
-0.012807476000000
-0.038145833000000
-0.018079432000000
-0.015815420000000
-0.001726199000000
0.029403241000000
0.001991075000000
0.033007959000000
0.006232440000000
0.010044270000000
0.012061123000000
-0.006365657000000
-0.000460255000000
0.001313375000000
-0.001344612000000
-0.009198555000000
0.035293781000000
0.019093919000000
-0.004518064000000
0.032693841000000
-0.008710769000000
0.013664800000000
0.025072001000000
0.032619244000000
-0.006752637000000
0.014284218000000
0.042967267000000
0.004903705000000
0.026360391000000
0.010951633000000
0.004216979000000
0.038021737000000
0.037032786000000
0.014395205000000
0.000148419000000
0.035232925000000
-0.000812664000000
0.012316507000000
0.038887000000000
-0.007212090000000
0.002167554000000
0.012526584000000
-0.008379634000000
0.001306068000000
0.006601187000000
0.007502618000000
0.000239719000000
0.006903137000000
0.010821362000000
0.007144090000000
0.002319586000000
0.018949647000000
-0.000057013000000
-0.009944626000000
0.004995275000000
-0.014489695000000
0.002605175000000
0.001017661000000
-0.001424890000000
0.000686057000000
0.000123544000000
-0.001580501000000
0.003951893000000
0.006348179000000
0.003613045000000
0.006427052000000
-0.001224388000000
0.003833896000000
0.005367837000000
0.020177370000000
0.014246408000000
0.007813153000000
0.001239441000000
0.004703312000000
0.010996314000000
0.008003470000000
0.008190230000000
0.004599535000000
0.004840154000000
0.004797568000000
0.007777248000000
0.005880316000000
-0.001838386000000
0.010168579000000
0.017422380000000
0.008939837000000
0.009424480000000
0.007207524000000
0.005664997000000
0.012964650000000
0.023020927000000
0.016689309000000
0.016927555000000
0.012041563000000
-0.006073503000000
-0.019591533000000
0.028204396000000
-0.020726028000000
0.050271353000000
0.016534040000000
-0.017223696000000
0.007552544000000
0.046644847000000
0.029492371000000
0.022387807000000
-0.004714971000000
0.012851316000000
0.022328425000000
-0.004632431000000
0.031633113000000
-0.026962943000000
0.047295805000000
-0.009202571000000
0.006732446000000
-0.040686095000000
0.050871185000000
-0.031434808000000
0.012423917000000
-0.011755575000000
-0.047594546000000
0.009713021000000
-0.000063284700000
0.035650001000000
0.030975984000000
-0.004245310000000
0.013698384000000
0.042105824000000
0.054503940000000
0.002945037000000
0.003246606000000
0.057542333000000
-0.053383437000000
0.042163307000000
0.045376848000000
-0.001659990000000
0.022200377000000
0.009625349000000
0.034382467000000
0.014681143000000
0.049099077000000
0.074700326000000
-0.002136837000000
-0.036863550000000
-0.005482813000000
0.068209455000000
-0.005301778000000
-0.002508323000000
-0.045909022000000
-0.126557928000000
0.126280833000000
0.060171373000000
0.107680348000000
-0.033559759000000
-0.070364050000000
-0.150995825000000
-0.214703630000000
-0.102116517000000
-0.194517022000000
0.056765948000000
-0.017163969000000
0.195512332000000
0.020368365000000
0.012891751000000
0.015369539000000
0.046797572000000
0.012435479000000
-0.007515899000000
0.002324924000000
-0.176678466000000
0.267270132000000
-0.019617698000000
0.003435387000000
0.149775704000000
-0.152618612000000
0.074830115000000
0.029477523000000
0.047785819000000
0.011855985000000
0.022305766000000
0.128392242000000
-0.018452948000000
0.074476178000000
0.061810905000000
0.013276713000000
0.025746678000000
0.080592380000000
0.072802258000000
-0.027602153000000
0.071442373000000
0.015596875000000
-0.001562536000000
0.046806729000000
0.019817117000000
0.025758187000000
0.042375077000000
-0.058661208000000
0.037968662000000
-0.002486838000000
-0.001530675000000
0.000740920000000
0.013493586000000
-0.006161157000000
-0.008964561000000
-0.007529123000000
0.005338284000000
-0.034503756000000
-0.009511544000000
-0.002013228000000
-0.012241959000000
0.015349772000000
-0.020842067000000
-0.025325861000000
-0.006941395000000
-0.011640764000000
0.042442343000000
-0.058768260000000
0.002944362000000
-0.005460116000000
-0.005579180000000
-0.003921585000000
0.025301575000000
0.016394219000000
-0.022473655000000
0.005753806000000
-0.050698117000000
-0.003433071000000
0.005456121000000
-0.013716053000000
0.031733071000000
-0.010599991000000
0.045874793000000
-0.019918707000000
0.033555792000000
-0.005382839000000
-0.027415180000000
0.044804374000000
0.032752809000000
0.004246325000000
-0.007612988000000
-0.022127563000000
0.020682693000000
0.000749799000000
-0.009738004000000
-0.017297138000000
0.016293996000000
-0.016013831000000
-0.016748530000000
0.013145206000000
0.004971280000000
-0.011620884000000
-0.041624697000000
0.058984281000000
0.094063645000000
0.047033675000000
-0.036032644000000
-0.068901707000000
-0.035102736000000
-0.163007553000000
-0.203987174000000
-0.021929803000000
0.057796821000000
0.011138586000000
-0.019518549000000
0.035949694000000
0.031656744000000
0.015856231000000
0.105860747000000
0.001882123000000
-0.020064117000000
-0.026704596000000
-0.067693361000000
0.112175668000000
0.084955204000000
-0.003734729000000
0.031626315000000
-0.083397595000000
0.103796127000000
0.014126316000000
0.018556907000000
0.027287818000000
0.007314754000000
0.087818119000000
0.049848004000000
0.101205771000000
0.022541585000000
0.007927295000000
0.070461830000000
0.143556749000000
0.003357200000000
-0.017251099000000
0.089605535000000
-0.028872667000000
0.137006296000000
0.006551195000000
-0.021935553000000
-0.054905027000000
0.166718509000000
0.070989102000000
-0.008602611000000
0.040692106000000
-0.003295297000000
-0.073691661000000
0.114732791000000
-0.018710592000000
0.103764327000000
-0.014491926000000
-0.035726596000000
-0.117315828000000
-0.043490718000000
0.016013225000000
-0.126389694000000
-0.009875731000000
0.119432958000000
0.092057641000000
-0.033825317000000
-0.026333975000000
0.055919166000000
-0.047522401000000
0.037661583000000
-0.055032849000000
0.013707608000000
-0.023390001000000
0.064434520000000
-0.046591852000000
0.041881334000000
0.003002601000000
-0.024013461000000
0.029033284000000
-0.018916889000000
0.092456627000000
-0.025308317000000
0.042188072000000
0.094740665000000
-0.074031295000000
0.059152357000000
-0.000620072000000
-0.031716011000000
0.014136820000000
-0.029251031000000
0.076115785000000
0.009336483000000
0.014796617000000
0.050130771000000
-0.093285672000000
0.051430522000000
0.124639303000000
0.032919431000000
-0.139828350000000
-0.021765168000000
0.009688307000000
0.003621260000000
0.009933315000000
0.008027094000000
0.022576993000000
0.008438981000000
0.010618734000000
0.006364605000000
0.002635222000000
0.000780985000000
0.004491857000000
0.002529223000000
0.004222585000000
0.006554415000000
0.016946436000000
0.006415586000000
0.011697851000000
-0.004576311000000
0.010641823000000
0.001021636000000
0.006921494000000
-0.009630928000000
0.007491233000000
-0.001078950000000
0.002148718000000
0.005098405000000
-0.001954674000000
0.002752494000000
0.012761518000000
0.010229719000000
0.010917447000000
0.012466086000000
0.008078500000000
0.006940391000000
0.010237486000000
0.009721946000000
0.014022762000000
0.007865852000000
0.009915096000000
0.011844454000000
0.010458758000000
0.007059183000000
0.015366676000000
0.004577796000000
0.011339825000000
0.018374458000000
0.016470084000000
-0.009408479000000
0.010330429000000
0.001514808000000
0.011446395000000
-0.100763831000000
0.319616553000000
0.066290827000000
-0.330083033000000
0.245248318000000
-0.036617750000000
-0.006411399000000
-0.071387968000000
-0.178694316000000
0.379022130000000
0.070649585000000
0.483266373000000
0.140143068000000
-0.339356396000000
0.213253920000000
0.174828373000000
-0.166331210000000
0.108568633000000
0.060961490000000
0.047740039000000
0.368685435000000
-0.126688069000000
0.060233545000000
-0.057677079000000
0.082030894000000
0.139545486000000
-0.012841505000000
0.000556269000000
0.095383639000000
0.102411771000000
-0.007508409000000
-0.085093999000000
0.091689602000000
0.056014048000000
0.139932549000000
-0.193319636000000
0.157716731000000
-0.010021721000000
0.072605551000000
-0.056737203000000
0.161213150000000
-0.025363840000000
0.042395599000000
-0.049952952000000
-0.048212485000000
0.164649689000000
0.149024893000000
-0.175518389000000
0.051955741000000
0.070537519000000
-0.086544043000000
0.066554245000000
0.060054458000000
0.057032999000000
0.056049323000000
0.051257819000000
0.051938509000000
0.053652352000000
0.064015383000000
0.082878022000000
0.080970285000000
0.071880879000000
0.053661777000000
0.044479618000000
0.043431409000000
0.030354971000000
0.021697073000000
0.024842710000000
0.029225869000000
0.027441009000000
0.026751549000000
0.026374766000000
0.024692282000000
0.021527635000000
0.018898392000000
0.014557832000000
0.012869223000000
0.012629137000000
0.014440918000000
0.016924188000000
0.017839768000000
0.017958570000000
0.017606868000000
0.016755397000000
0.016653534000000
0.016711743000000
0.015520768000000
0.015443980000000
0.015193531000000
0.013863469000000
0.014383658000000
0.014958559000000
0.016117950000000
0.017422002000000
0.018693637000000
0.020292910000000
0.021945148000000
0.022163221000000
0.022727400000000
0.023063573000000
0.023704162000000
0.023310016000000
0.001103079000000
-0.004184139000000
-0.070010720000000
0.125336571000000
0.059362568000000
-0.011682240000000
0.129339334000000
0.074082878000000
0.027579402000000
-0.024791046000000
0.135525167000000
0.054743092000000
-0.035642498000000
0.113018867000000
0.085785656000000
0.003048627000000
0.005274332000000
-0.027909087000000
0.036803872000000
0.041688564000000
0.058858764000000
-0.040573376000000
0.039537487000000
-0.000913943000000
-0.018235692000000
0.027475766000000
0.097639448000000
0.034444644000000
0.039162321000000
-0.073323726000000
-0.034027312000000
-0.008527769000000
-0.020583476000000
-0.005302452000000
-0.037107003000000
-0.004676398000000
-0.041154757000000
-0.026297770000000
-0.031232071000000
-0.009054449000000
-0.051903954000000
0.053105989000000
-0.003530761000000
-0.027444094000000
-0.032267264000000
-0.143852303000000
0.038611756000000
0.042430263000000
0.058424737000000
-0.135939051000000
0.021384278000000
0.026970075000000
-0.031109478000000
-0.043751735000000
0.052406366000000
0.009215100000000
0.109659843000000
0.044930250000000
0.030395390000000
0.006205926000000
0.077658464000000
-0.010158614000000
0.006459263000000
0.081838690000000
0.150308543000000
-0.045634012000000
0.037043139000000
0.083613605000000
0.046800551000000
-0.009306170000000
0.043758053000000
0.013108560000000
0.010752596000000
-0.007800753000000
-0.008041814000000
0.040024171000000
0.159119427000000
0.033619914000000
0.064093728000000
-0.028150222000000
0.025277599000000
0.011615969000000
-0.024726204000000
0.043132930000000
-0.035653975000000
-0.030582318000000
0.001803211000000
0.016294249000000
0.009507900000000
0.019300564000000
0.019976933000000
0.145530137000000
-0.027364670000000
-0.026632608000000
0.007174442000000
-0.099371811000000
0.132094662000000
-0.013189180000000
-0.050542736000000
-0.040611254000000
0.221324629000000
0.118477323000000
0.018522729000000
0.006252403000000
0.006298782000000
0.014773609000000
-0.029272712000000
0.010323764000000
-0.016293810000000
0.004121919000000
0.002843171000000
0.007737353000000
0.003893112000000
0.009289845000000
0.005667611000000
0.002422986000000
-0.004045170000000
0.021646961000000
-0.009192404000000
0.013052266000000
0.004542726000000
0.005956553000000
-0.007404396000000
0.001964183000000
-0.003311261000000
0.023257643000000
0.022128679000000
0.013064740000000
0.008268200000000
0.027199068000000
-0.008628981000000
0.008299602000000
-0.003594318000000
0.010377198000000
0.010775685000000
0.015490443000000
0.012448857000000
0.004425595000000
0.002387307000000
0.019054254000000
0.001133373000000
0.003171756000000
0.003997392000000
0.006153079000000
0.004219558000000
0.000901393000000
-0.004840400000000
-0.008616389000000
-0.017385596000000
0.042669052000000
0.005929643000000
0.025032260000000
0.010467028000000