# Numerical Matrices for qpm_model.dyn
# Generated: 2025-04-27T17:20:35.571511

State Names Order:
['RES_DLA_CPI', 'RES_RS', 'RS', 'aux_L_GDP_GAP_lag1', 'aux_RES_RS_lag1', 'DLA_CPI', 'L_GDP_GAP', 'RR_GAP', 'aux_DLA_CPI_lead1', 'aux_DLA_CPI_lead2']

Shock Names Order:
['SHK_L_GDP_GAP', 'SHK_DLA_CPI', 'SHK_RS']

Parameter Names Order (for reference):
['b1', 'b4', 'a1', 'a2', 'g1', 'g2', 'g3', 'rho_DLA_CPI', 'rho_L_GDP_GAP', 'rho_rs', 'rho_rs2']

--- A Matrix ---
[[ 0.    0.    0.    0.    0.   -0.5   0.    0.    0.    0.  ]
 [ 0.    0.    0.    0.    0.   -0.3   0.    0.    0.   -0.09]
 [ 0.    0.    0.    0.    0.    1.    0.    0.    0.    0.  ]
 [ 0.    0.    0.    0.    0.    0.   -0.3   0.7   0.    0.  ]
 [ 0.    0.    0.    0.    0.    0.    0.    0.    0.    0.  ]
 [ 0.    0.    0.    0.    0.    0.    0.    0.    0.    0.  ]
 [ 0.    0.    0.    0.    0.   -1.    0.    0.    0.    0.  ]
 [ 0.    0.    0.    0.    0.    0.    0.    0.   -1.    0.  ]
 [ 0.    0.    0.    0.    0.    0.    0.    0.    0.    0.  ]
 [ 0.    0.    0.    0.    0.    0.    0.    0.    0.    0.  ]]

--- B Matrix ---
[[-1.     0.     0.     0.     0.     1.    -0.1    0.     0.     0.   ]
 [ 0.    -1.     1.     0.     0.     0.    -0.075  0.     0.     0.   ]
 [ 0.     0.    -1.     0.     0.     0.     0.     1.     0.     0.   ]
 [ 0.     0.     0.     0.     0.     0.     1.225 -0.525  0.     0.   ]
 [ 1.     0.     0.     0.     0.     0.     0.     0.     0.     0.   ]
 [ 0.     1.     0.     0.     0.     0.     0.     0.     0.     0.   ]
 [ 0.     0.     0.     0.     0.     0.     0.     0.     1.     0.   ]
 [ 0.     0.     0.     0.     0.     0.     0.     0.     0.     1.   ]
 [ 0.     0.     0.     1.     0.     0.     0.     0.     0.     0.   ]
 [ 0.     0.     0.     0.     1.     0.     0.     0.     0.     0.   ]]

--- C Matrix ---
[[ 0.     0.     0.     0.     0.    -0.5    0.     0.     0.     0.   ]
 [ 0.     0.    -0.7    0.     0.     0.     0.     0.     0.     0.   ]
 [ 0.     0.     0.     0.     0.     0.     0.     0.     0.     0.   ]
 [ 0.     0.     0.     0.525  0.     0.    -1.45   0.     0.     0.   ]
 [-0.75   0.     0.     0.     0.     0.     0.     0.     0.     0.   ]
 [ 0.    -0.8    0.     0.    -0.01   0.     0.     0.     0.     0.   ]
 [ 0.     0.     0.     0.     0.     0.     0.     0.     0.     0.   ]
 [ 0.     0.     0.     0.     0.     0.     0.     0.     0.     0.   ]
 [ 0.     0.     0.     0.     0.     0.    -1.     0.     0.     0.   ]
 [ 0.    -1.     0.     0.     0.     0.     0.     0.     0.     0.   ]]

--- D Matrix ---
[[ 0.  0.  0.]
 [ 0.  0.  0.]
 [ 0.  0.  0.]
 [-1.  0.  0.]
 [ 0. -1.  0.]
 [ 0.  0. -1.]
 [ 0.  0.  0.]
 [ 0.  0.  0.]
 [ 0.  0.  0.]
 [ 0.  0.  0.]]

